0.395140
0.560180
0.623740
0.658400
0.679980
0.695520
0.706940
0.718940
0.725060
0.728240
0.741180
0.747780
0.747900
0.754180
0.754880
0.759740
0.763740
0.766360
0.768060
0.772260
0.772960
0.773200
0.776660
0.784540
0.783020
0.786340
0.787440
0.787560
0.789480
0.790460
0.793180
0.795380
0.791840
0.794740
0.798800
0.797880
0.798620
0.800840
0.800140
0.806160
0.805140
0.807460
0.805380
0.807580
0.807300
0.808740
0.808500
0.812580
0.813760
0.811760
0.812540
0.814300
0.815200
0.816520
0.814060
0.815520
0.816880
0.818720
0.818120
0.820920
0.823400
0.820200
0.822940
0.820400
0.821140
0.819900
0.823920
0.821980
0.825460
0.823800
0.827300
0.823400
0.826600
0.828380
0.827800
0.826740
0.827300
0.826540
0.827740
0.828360
0.833740
0.830560
0.832400
0.833400
0.832640
0.833000
0.832080
0.831520
0.835460
0.835320
0.835460
0.835340
0.832440
0.833800
0.839960
0.837040
0.834860
0.837460
0.837780
0.836480
0.876920
0.890620
0.896620
0.898680
0.899000
0.903120
0.905280
0.907980
0.909020
0.909580
0.908400
0.912060
0.912160
0.914240
0.916040
0.916180
0.916100
0.917840
0.921900
0.918880
0.921420
0.923820
0.922800
0.923960
0.923140
0.924000
0.923980
0.926360
0.926560
0.926240
0.929520
0.925620
0.929060
0.928420
0.928660
0.929840
0.931120
0.931820
0.931080
0.931880
0.932600
0.933820
0.931860
0.933680
0.933320
0.935000
0.934920
0.938160
0.936980
0.936440
0.936420
0.940000
0.940020
0.940160
0.941820
0.941060
0.942220
0.940900
0.941380
0.941360
0.943360
0.941960
0.942060
0.941660
0.941760
0.943160
0.942220
0.943100
0.942220
0.943420
0.943200
0.942520
0.944380
0.942720
0.944920
0.940880
0.943740
0.943600
0.943320
0.943740
0.941960
0.942960
0.943940
0.944500
0.944680
0.944800
0.944620
0.943120
0.945080
0.945260
0.943980
0.942840
0.944360
0.945500
0.944660
0.943060
0.945760
0.944960
0.944200
0.944780
