4.425198
3.593066
3.034204
2.639720
2.345993
2.139764
1.980860
1.866907
1.782258
1.718843
1.674699
1.636947
1.611759
1.596892
1.577549
1.565830
1.556872
1.549202
1.542497
1.539371
1.537251
1.530549
1.528642
1.525315
1.526593
1.524926
1.519495
1.523625
1.522069
1.519893
1.513147
1.515920
1.515220
1.515960
1.513428
1.513717
1.514367
1.511850
1.512909
1.515120
1.515855
1.516883
1.509370
1.516873
1.513324
1.509828
1.510639
1.514111
1.509115
1.509462
1.515470
1.510716
1.513321
1.514824
1.513772
1.512768
1.514551
1.516929
1.508917
1.513121
1.513379
1.514027
1.511875
1.516914
1.517975
1.514065
1.515721
1.518668
1.515783
1.519698
1.519738
1.519185
1.524424
1.517813
1.518760
1.523743
1.524500
1.524872
1.520845
1.532265
1.519921
1.531306
1.534442
1.530486
1.534623
1.529975
1.537512
1.529103
1.534776
1.539149
1.535069
1.539634
1.541929
1.539558
1.546434
1.540414
1.542661
1.538914
1.545578
1.541904
1.147931
1.014966
0.952913
0.904778
0.866049
0.830184
0.798918
0.770612
0.746067
0.723476
0.704384
0.686092
0.670463
0.654924
0.642178
0.629483
0.618011
0.607973
0.598523
0.589354
0.580224
0.571822
0.564500
0.557138
0.549608
0.543672
0.536888
0.530669
0.524797
0.519214
0.513985
0.508166
0.503423
0.498445
0.493920
0.489267
0.484866
0.481502
0.477303
0.472987
0.469667
0.465355
0.462340
0.459143
0.455679
0.452628
0.449730
0.446641
0.444130
0.442181
0.438968
0.431249
0.429697
0.429071
0.428630
0.428116
0.427861
0.427507
0.427128
0.426860
0.426389
0.426134
0.425833
0.425685
0.425219
0.424939
0.424645
0.424389
0.424124
0.423737
0.423498
0.423243
0.422895
0.422688
0.422485
0.422115
0.421892
0.421692
0.421436
0.421077
0.420820
0.420714
0.420410
0.420150
0.419797
0.419702
0.419245
0.419084
0.418831
0.418583
0.418367
0.418096
0.417841
0.417613
0.417413
0.417169
0.416988
0.416658
0.416424
0.416207
